# Giai bai toan dong dien RK4
#
#                    t                   N1                   N2                   N3
        0.00000000e+00       1.00000000e+00       0.00000000e+00       0.00000000e+00
        1.20000000e-02       9.88071713e-01       1.19211187e-02       7.16841590e-06
        2.40000000e-02       9.76285710e-01       2.36857422e-02       2.85480876e-05
        3.60000000e-02       9.64640293e-01       3.52957542e-02       6.39523532e-05
        4.80000000e-02       9.53133787e-01       4.67530161e-02       1.13196798e-04
        6.00000000e-02       9.41764534e-01       5.80593672e-02       1.76099228e-04
        7.20000000e-02       9.30530896e-01       6.92166245e-02       2.52479643e-04
        8.40000000e-02       9.19431256e-01       8.02265837e-02       3.42160209e-04
        9.60000000e-02       9.08464016e-01       9.10910187e-02       4.44965235e-04
        1.08000000e-01       8.97627596e-01       1.01811682e-01       5.60721146e-04
        1.20000000e-01       8.86920437e-01       1.12390307e-01       6.89256457e-04
        1.32000000e-01       8.76340995e-01       1.22828603e-01       8.30401751e-04
        1.44000000e-01       8.65887748e-01       1.33128262e-01       9.83989651e-04
        1.56000000e-01       8.55559190e-01       1.43290955e-01       1.14985479e-03
        1.68000000e-01       8.45353835e-01       1.53318331e-01       1.32783382e-03
        1.80000000e-01       8.35270211e-01       1.63212023e-01       1.51776532e-03
        1.92000000e-01       8.25306869e-01       1.72973642e-01       1.71948984e-03
        2.04000000e-01       8.15462371e-01       1.82604779e-01       1.93284987e-03
        2.16000000e-01       8.05735302e-01       1.92107008e-01       2.15768975e-03
        2.28000000e-01       7.96124260e-01       2.01481884e-01       2.39385574e-03
        2.40000000e-01       7.86627861e-01       2.10730943e-01       2.64119595e-03
        2.52000000e-01       7.77244738e-01       2.19855702e-01       2.89956029e-03
        2.64000000e-01       7.67973540e-01       2.28857660e-01       3.16880051e-03
        2.76000000e-01       7.58812931e-01       2.37738299e-01       3.44877014e-03
        2.88000000e-01       7.49761592e-01       2.46499083e-01       3.73932449e-03
        3.00000000e-01       7.40818221e-01       2.55141459e-01       4.04032058e-03
        3.12000000e-01       7.31981528e-01       2.63666855e-01       4.35161720e-03
        3.24000000e-01       7.23250242e-01       2.72076683e-01       4.67307481e-03
        3.36000000e-01       7.14623106e-01       2.80372339e-01       5.00455557e-03
        3.48000000e-01       7.06098876e-01       2.88555200e-01       5.34592330e-03
        3.60000000e-01       6.97676326e-01       2.96626630e-01       5.69704348e-03
        3.72000000e-01       6.89354243e-01       3.04587974e-01       6.05778318e-03
        3.84000000e-01       6.81131427e-01       3.12440562e-01       6.42801111e-03
        3.96000000e-01       6.73006696e-01       3.20185706e-01       6.80759755e-03
        4.08000000e-01       6.64978879e-01       3.27824707e-01       7.19641435e-03
        4.20000000e-01       6.57046820e-01       3.35358845e-01       7.59433490e-03
        4.32000000e-01       6.49209377e-01       3.42789389e-01       8.00123414e-03
        4.44000000e-01       6.41465421e-01       3.50117591e-01       8.41698850e-03
        4.56000000e-01       6.33813837e-01       3.57344687e-01       8.84147592e-03
        4.68000000e-01       6.26253524e-01       3.64471900e-01       9.27457580e-03
        4.80000000e-01       6.18783392e-01       3.71500439e-01       9.71616901e-03
        4.92000000e-01       6.11402366e-01       3.78431496e-01       1.01661379e-02
        5.04000000e-01       6.04109383e-01       3.85266251e-01       1.06243661e-02
        5.16000000e-01       5.96903393e-01       3.92005868e-01       1.10907388e-02
        5.28000000e-01       5.89783358e-01       3.98651500e-01       1.15651426e-02
        5.40000000e-01       5.82748252e-01       4.05204282e-01       1.20474653e-02
        5.52000000e-01       5.75797064e-01       4.11665340e-01       1.25375962e-02
        5.64000000e-01       5.68928791e-01       4.18035783e-01       1.30354258e-02
        5.76000000e-01       5.62142445e-01       4.24316709e-01       1.35408462e-02
        5.88000000e-01       5.55437049e-01       4.30509201e-01       1.40537506e-02
        6.00000000e-01       5.48811636e-01       4.36614330e-01       1.45740334e-02
        6.12000000e-01       5.42265253e-01       4.42633156e-01       1.51015904e-02
        6.24000000e-01       5.35796958e-01       4.48566723e-01       1.56363188e-02
        6.36000000e-01       5.29405818e-01       4.54416065e-01       1.61781169e-02
        6.48000000e-01       5.23090913e-01       4.60182203e-01       1.67268841e-02
        6.60000000e-01       5.16851335e-01       4.65866144e-01       1.72825213e-02
        6.72000000e-01       5.10686183e-01       4.71468886e-01       1.78449304e-02
        6.84000000e-01       5.04594572e-01       4.76991413e-01       1.84140145e-02
        6.96000000e-01       4.98575623e-01       4.82434699e-01       1.89896781e-02
        7.08000000e-01       4.92628470e-01       4.87799704e-01       1.95718265e-02
        7.20000000e-01       4.86752256e-01       4.93087378e-01       2.01603664e-02
        7.32000000e-01       4.80946135e-01       4.98298659e-01       2.07552056e-02
        7.44000000e-01       4.75209272e-01       5.03434475e-01       2.13562530e-02
        7.56000000e-01       4.69540839e-01       5.08495742e-01       2.19634186e-02
        7.68000000e-01       4.63940021e-01       5.13483365e-01       2.25766134e-02
        7.80000000e-01       4.58406011e-01       5.18398239e-01       2.31957495e-02
        7.92000000e-01       4.52938013e-01       5.23241247e-01       2.38207404e-02
        8.04000000e-01       4.47535238e-01       5.28013262e-01       2.44515001e-02
        8.16000000e-01       4.42196909e-01       5.32715146e-01       2.50879442e-02
        8.28000000e-01       4.36922258e-01       5.37347754e-01       2.57299888e-02
        8.40000000e-01       4.31710523e-01       5.41911925e-01       2.63775514e-02
        8.52000000e-01       4.26560956e-01       5.46408493e-01       2.70305504e-02
        8.64000000e-01       4.21472815e-01       5.50838280e-01       2.76889051e-02
        8.76000000e-01       4.16445366e-01       5.55202098e-01       2.83525358e-02
        8.88000000e-01       4.11477886e-01       5.59500750e-01       2.90213640e-02
        9.00000000e-01       4.06569660e-01       5.63735028e-01       2.96953119e-02
        9.12000000e-01       4.01719980e-01       5.67905717e-01       3.03743027e-02
        9.24000000e-01       3.96928149e-01       5.72013591e-01       3.10582605e-02
        9.36000000e-01       3.92193476e-01       5.76059414e-01       3.17471105e-02
        9.48000000e-01       3.87515280e-01       5.80043942e-01       3.24407786e-02
        9.60000000e-01       3.82892886e-01       5.83967922e-01       3.31391917e-02
        9.72000000e-01       3.78325630e-01       5.87832093e-01       3.38422777e-02
        9.84000000e-01       3.73812853e-01       5.91637182e-01       3.45499651e-02
        9.96000000e-01       3.69353906e-01       5.95383910e-01       3.52621836e-02
        1.00800000e+00       3.64948147e-01       5.99072990e-01       3.59788634e-02
        1.02000000e+00       3.60594940e-01       6.02705124e-01       3.66999359e-02
        1.03200000e+00       3.56293660e-01       6.06281007e-01       3.74253332e-02
        1.04400000e+00       3.52043687e-01       6.09801325e-01       3.81549881e-02
        1.05600000e+00       3.47844409e-01       6.13266757e-01       3.88888344e-02
        1.06800000e+00       3.43695221e-01       6.16677972e-01       3.96268067e-02
        1.08000000e+00       3.39595526e-01       6.20035634e-01       4.03688402e-02
        1.09200000e+00       3.35544733e-01       6.23340396e-01       4.11148710e-02
        1.10400000e+00       3.31542259e-01       6.26592905e-01       4.18648362e-02
        1.11600000e+00       3.27587528e-01       6.29793799e-01       4.26186734e-02
        1.12800000e+00       3.23679969e-01       6.32943710e-01       4.33763209e-02
        1.14000000e+00       3.19819022e-01       6.36043260e-01       4.41377181e-02
        1.15200000e+00       3.16004129e-01       6.39093066e-01       4.49028049e-02
        1.16400000e+00       3.12234741e-01       6.42093737e-01       4.56715218e-02
        1.17600000e+00       3.08510315e-01       6.45045874e-01       4.64438104e-02
        1.18800000e+00       3.04830316e-01       6.47950072e-01       4.72196127e-02
        1.20000000e+00       3.01194212e-01       6.50806916e-01       4.79988716e-02
        1.21200000e+00       2.97601481e-01       6.53616988e-01       4.87815306e-02
        1.22400000e+00       2.94051605e-01       6.56380861e-01       4.95675339e-02
        1.23600000e+00       2.90544073e-01       6.59099101e-01       5.03568264e-02
        1.24800000e+00       2.87078380e-01       6.61772266e-01       5.11493537e-02
        1.26000000e+00       2.83654027e-01       6.64400911e-01       5.19450621e-02
        1.27200000e+00       2.80270520e-01       6.66985582e-01       5.27438983e-02
        1.28400000e+00       2.76927373e-01       6.69526817e-01       5.35458101e-02
        1.29600000e+00       2.73624103e-01       6.72025151e-01       5.43507455e-02
        1.30800000e+00       2.70360237e-01       6.74481110e-01       5.51586535e-02
        1.32000000e+00       2.67135302e-01       6.76895215e-01       5.59694835e-02
        1.33200000e+00       2.63948835e-01       6.79267979e-01       5.67831855e-02
        1.34400000e+00       2.60800378e-01       6.81599912e-01       5.75997103e-02
        1.35600000e+00       2.57689476e-01       6.83891515e-01       5.84190092e-02
        1.36800000e+00       2.54615682e-01       6.86143284e-01       5.92410340e-02
        1.38000000e+00       2.51578553e-01       6.88355710e-01       6.00657373e-02
        1.39200000e+00       2.48577652e-01       6.90529276e-01       6.08930721e-02
        1.40400000e+00       2.45612546e-01       6.92664462e-01       6.17229922e-02
        1.41600000e+00       2.42682809e-01       6.94761739e-01       6.25554517e-02
        1.42800000e+00       2.39788019e-01       6.96821576e-01       6.33904054e-02
        1.44000000e+00       2.36927759e-01       6.98844433e-01       6.42278087e-02
        1.45200000e+00       2.34101616e-01       7.00830766e-01       6.50676174e-02
        1.46400000e+00       2.31309185e-01       7.02781027e-01       6.59097881e-02
        1.47600000e+00       2.28550063e-01       7.04695660e-01       6.67542776e-02
        1.48800000e+00       2.25823852e-01       7.06575104e-01       6.76010436e-02
        1.50000000e+00       2.23130160e-01       7.08419796e-01       6.84500440e-02
        1.51200000e+00       2.20468600e-01       7.10230163e-01       6.93012374e-02
        1.52400000e+00       2.17838787e-01       7.12006630e-01       7.01545828e-02
        1.53600000e+00       2.15240343e-01       7.13749617e-01       7.10100399e-02
        1.54800000e+00       2.12672895e-01       7.15459537e-01       7.18675687e-02
        1.56000000e+00       2.10136071e-01       7.17136799e-01       7.27271297e-02
        1.57200000e+00       2.07629508e-01       7.18781808e-01       7.35886841e-02
        1.58400000e+00       2.05152843e-01       7.20394963e-01       7.44521933e-02
        1.59600000e+00       2.02705721e-01       7.21976659e-01       7.53176194e-02
        1.60800000e+00       2.00287789e-01       7.23527286e-01       7.61849249e-02
        1.62000000e+00       1.97898699e-01       7.25047228e-01       7.70540726e-02
        1.63200000e+00       1.95538107e-01       7.26536867e-01       7.79250261e-02
        1.64400000e+00       1.93205672e-01       7.27996579e-01       7.87977491e-02
        1.65600000e+00       1.90901059e-01       7.29426735e-01       7.96722061e-02
        1.66800000e+00       1.88623937e-01       7.30827702e-01       8.05483616e-02
        1.68000000e+00       1.86373976e-01       7.32199843e-01       8.14261810e-02
        1.69200000e+00       1.84150854e-01       7.33543516e-01       8.23056299e-02
        1.70400000e+00       1.81954250e-01       7.34859076e-01       8.31866742e-02
        1.71600000e+00       1.79783847e-01       7.36146872e-01       8.40692805e-02
        1.72800000e+00       1.77639334e-01       7.37407251e-01       8.49534157e-02
        1.74000000e+00       1.75520401e-01       7.38640552e-01       8.58390471e-02
        1.75200000e+00       1.73426743e-01       7.39847115e-01       8.67261424e-02
        1.76400000e+00       1.71358059e-01       7.41027271e-01       8.76146696e-02
        1.77600000e+00       1.69314051e-01       7.42181352e-01       8.85045974e-02
        1.78800000e+00       1.67294424e-01       7.43309681e-01       8.93958946e-02
        1.80000000e+00       1.65298888e-01       7.44412581e-01       9.02885305e-02
        1.81200000e+00       1.63327156e-01       7.45490370e-01       9.11824747e-02
        1.82400000e+00       1.61378942e-01       7.46543360e-01       9.20776974e-02
        1.83600000e+00       1.59453968e-01       7.47571863e-01       9.29741690e-02
        1.84800000e+00       1.57551955e-01       7.48576184e-01       9.38718602e-02
        1.86000000e+00       1.55672630e-01       7.49556627e-01       9.47707423e-02
        1.87200000e+00       1.53815723e-01       7.50513491e-01       9.56707867e-02
        1.88400000e+00       1.51980964e-01       7.51447070e-01       9.65719654e-02
        1.89600000e+00       1.50168092e-01       7.52357658e-01       9.74742505e-02
        1.90800000e+00       1.48376844e-01       7.53245542e-01       9.83776147e-02
        1.92000000e+00       1.46606962e-01       7.54111007e-01       9.92820308e-02
        1.93200000e+00       1.44858192e-01       7.54954336e-01       1.00187472e-01
        1.94400000e+00       1.43130282e-01       7.55775805e-01       1.01093912e-01
        1.95600000e+00       1.41422983e-01       7.56575691e-01       1.02001326e-01
        1.96800000e+00       1.39736049e-01       7.57354265e-01       1.02909686e-01
        1.98000000e+00       1.38069237e-01       7.58111795e-01       1.03818967e-01
        1.99200000e+00       1.36422308e-01       7.58848547e-01       1.04729146e-01
        2.00400000e+00       1.34795023e-01       7.59564781e-01       1.05640196e-01
        2.01600000e+00       1.33187150e-01       7.60260757e-01       1.06552093e-01
        2.02800000e+00       1.31598455e-01       7.60936731e-01       1.07464813e-01
        2.04000000e+00       1.30028711e-01       7.61592956e-01       1.08378333e-01
        2.05200000e+00       1.28477691e-01       7.62229680e-01       1.09292629e-01
        2.06400000e+00       1.26945172e-01       7.62847151e-01       1.10207677e-01
        2.07600000e+00       1.25430934e-01       7.63445612e-01       1.11123454e-01
        2.08800000e+00       1.23934758e-01       7.64025304e-01       1.12039939e-01
        2.10000000e+00       1.22456428e-01       7.64586464e-01       1.12957108e-01
        2.11200000e+00       1.20995733e-01       7.65129328e-01       1.13874939e-01
        2.12400000e+00       1.19552461e-01       7.65654128e-01       1.14793411e-01
        2.13600000e+00       1.18126405e-01       7.66161093e-01       1.15712502e-01
        2.14800000e+00       1.16717359e-01       7.66650450e-01       1.16632190e-01
        2.16000000e+00       1.15325121e-01       7.67122423e-01       1.17552456e-01
        2.17200000e+00       1.13949490e-01       7.67577233e-01       1.18473277e-01
        2.18400000e+00       1.12590268e-01       7.68015098e-01       1.19394634e-01
        2.19600000e+00       1.11247259e-01       7.68436234e-01       1.20316507e-01
        2.20800000e+00       1.09920269e-01       7.68840856e-01       1.21238875e-01
        2.22000000e+00       1.08609109e-01       7.69229173e-01       1.22161718e-01
        2.23200000e+00       1.07313588e-01       7.69601393e-01       1.23085018e-01
        2.24400000e+00       1.06033521e-01       7.69957724e-01       1.24008755e-01
        2.25600000e+00       1.04768723e-01       7.70298367e-01       1.24932911e-01
        2.26800000e+00       1.03519011e-01       7.70623523e-01       1.25857465e-01
        2.28000000e+00       1.02284207e-01       7.70933392e-01       1.26782401e-01
        2.29200000e+00       1.01064131e-01       7.71228169e-01       1.27707699e-01
        2.30400000e+00       9.98586094e-02       7.71508048e-01       1.28633343e-01
        2.31600000e+00       9.86674672e-02       7.71773220e-01       1.29559313e-01
        2.32800000e+00       9.74905333e-02       7.72023874e-01       1.30485593e-01
        2.34000000e+00       9.63276383e-02       7.72260197e-01       1.31412164e-01
        2.35200000e+00       9.51786145e-02       7.72482374e-01       1.32339011e-01
        2.36400000e+00       9.40432967e-02       7.72690587e-01       1.33266116e-01
        2.37600000e+00       9.29215213e-02       7.72885016e-01       1.34193463e-01
        2.38800000e+00       9.18131267e-02       7.73065838e-01       1.35121035e-01
        2.40000000e+00       9.07179533e-02       7.73233231e-01       1.36048816e-01
        2.41200000e+00       8.96358435e-02       7.73387367e-01       1.36976790e-01
        2.42400000e+00       8.85666415e-02       7.73528418e-01       1.37904940e-01
        2.43600000e+00       8.75101931e-02       7.73656554e-01       1.38833253e-01
        2.44800000e+00       8.64663464e-02       7.73771943e-01       1.39761711e-01
        2.46000000e+00       8.54349510e-02       7.73874749e-01       1.40690300e-01
        2.47200000e+00       8.44158584e-02       7.73965136e-01       1.41619005e-01
        2.48400000e+00       8.34089218e-02       7.74043267e-01       1.42547812e-01
        2.49600000e+00       8.24139962e-02       7.74109299e-01       1.43476704e-01
        2.50800000e+00       8.14309384e-02       7.74163392e-01       1.44405669e-01
        2.52000000e+00       8.04596068e-02       7.74205701e-01       1.45334692e-01
        2.53200000e+00       7.94998615e-02       7.74236380e-01       1.46263758e-01
        2.54400000e+00       7.85515643e-02       7.74255581e-01       1.47192855e-01
        2.55600000e+00       7.76145787e-02       7.74263454e-01       1.48121967e-01
        2.56800000e+00       7.66887697e-02       7.74260148e-01       1.49051082e-01
        2.58000000e+00       7.57740041e-02       7.74245809e-01       1.49980187e-01
        2.59200000e+00       7.48701500e-02       7.74220582e-01       1.50909268e-01
        2.60400000e+00       7.39770773e-02       7.74184611e-01       1.51838312e-01
        2.61600000e+00       7.30946575e-02       7.74138036e-01       1.52767307e-01
        2.62800000e+00       7.22227634e-02       7.74080997e-01       1.53696239e-01
        2.64000000e+00       7.13612696e-02       7.74013633e-01       1.54625097e-01
        2.65200000e+00       7.05100519e-02       7.73936080e-01       1.55553868e-01
        2.66400000e+00       6.96689877e-02       7.73848473e-01       1.56482540e-01
        2.67600000e+00       6.88379560e-02       7.73750944e-01       1.57411100e-01
        2.68800000e+00       6.80168371e-02       7.73643625e-01       1.58339538e-01
        2.70000000e+00       6.72055128e-02       7.73526646e-01       1.59267841e-01
        2.71200000e+00       6.64038661e-02       7.73400136e-01       1.60195998e-01
        2.72400000e+00       6.56117817e-02       7.73264221e-01       1.61123998e-01
        2.73600000e+00       6.48291456e-02       7.73119026e-01       1.62051828e-01
        2.74800000e+00       6.40558449e-02       7.72964675e-01       1.62979480e-01
        2.76000000e+00       6.32917684e-02       7.72801292e-01       1.63906940e-01
        2.77200000e+00       6.25368060e-02       7.72628995e-01       1.64834199e-01
        2.78400000e+00       6.17908490e-02       7.72447905e-01       1.65761246e-01
        2.79600000e+00       6.10537900e-02       7.72258139e-01       1.66688071e-01
        2.80800000e+00       6.03255229e-02       7.72059815e-01       1.67614662e-01
        2.82000000e+00       5.96059427e-02       7.71853046e-01       1.68541011e-01
        2.83200000e+00       5.88949459e-02       7.71637948e-01       1.69467106e-01
        2.84400000e+00       5.81924301e-02       7.71414631e-01       1.70392939e-01
        2.85600000e+00       5.74982941e-02       7.71183208e-01       1.71318498e-01
        2.86800000e+00       5.68124379e-02       7.70943787e-01       1.72243775e-01
        2.88000000e+00       5.61347629e-02       7.70696477e-01       1.73168760e-01
        2.89200000e+00       5.54651713e-02       7.70441385e-01       1.74093444e-01
        2.90400000e+00       5.48035668e-02       7.70178617e-01       1.75017816e-01
        2.91600000e+00       5.41498541e-02       7.69908277e-01       1.75941869e-01
        2.92800000e+00       5.35039391e-02       7.69630468e-01       1.76865593e-01
        2.94000000e+00       5.28657288e-02       7.69345292e-01       1.77788979e-01
        2.95200000e+00       5.22351312e-02       7.69052850e-01       1.78712019e-01
        2.96400000e+00       5.16120555e-02       7.68753241e-01       1.79634703e-01
        2.97600000e+00       5.09964121e-02       7.68446564e-01       1.80557024e-01
        2.98800000e+00       5.03881123e-02       7.68132915e-01       1.81478972e-01
        3.00000000e+00       4.97870684e-02       7.67812391e-01       1.82400540e-01
        3.01200000e+00       4.91931939e-02       7.67485087e-01       1.83321719e-01
        3.02400000e+00       4.86064034e-02       7.67151095e-01       1.84242502e-01
        3.03600000e+00       4.80266123e-02       7.66810508e-01       1.85162879e-01
        3.04800000e+00       4.74537370e-02       7.66463419e-01       1.86082844e-01
        3.06000000e+00       4.68876952e-02       7.66109916e-01       1.87002389e-01
        3.07200000e+00       4.63284054e-02       7.65750089e-01       1.87921506e-01
        3.08400000e+00       4.57757868e-02       7.65384026e-01       1.88840187e-01
        3.09600000e+00       4.52297601e-02       7.65011815e-01       1.89758425e-01
        3.10800000e+00       4.46902465e-02       7.64633541e-01       1.90676213e-01
        3.12000000e+00       4.41571684e-02       7.64249289e-01       1.91593543e-01
        3.13200000e+00       4.36304491e-02       7.63859142e-01       1.92510409e-01
        3.14400000e+00       4.31100125e-02       7.63463185e-01       1.93426803e-01
        3.15600000e+00       4.25957839e-02       7.63061498e-01       1.94342718e-01
        3.16800000e+00       4.20876892e-02       7.62654163e-01       1.95258148e-01
        3.18000000e+00       4.15856551e-02       7.62241259e-01       1.96173086e-01
        3.19200000e+00       4.10896095e-02       7.61822866e-01       1.97087525e-01
        3.20400000e+00       4.05994808e-02       7.61399061e-01       1.98001458e-01
        3.21600000e+00       4.01151986e-02       7.60969921e-01       1.98914880e-01
        3.22800000e+00       3.96366930e-02       7.60535523e-01       1.99827784e-01
        3.24000000e+00       3.91638951e-02       7.60095941e-01       2.00740163e-01
        3.25200000e+00       3.86967369e-02       7.59651251e-01       2.01652012e-01
        3.26400000e+00       3.82351511e-02       7.59201524e-01       2.02563324e-01
        3.27600000e+00       3.77790713e-02       7.58746835e-01       2.03474094e-01
        3.28800000e+00       3.73284317e-02       7.58287253e-01       2.04384315e-01
        3.30000000e+00       3.68831674e-02       7.57822851e-01       2.05293981e-01
        3.31200000e+00       3.64432144e-02       7.57353698e-01       2.06203088e-01
        3.32400000e+00       3.60085093e-02       7.56879862e-01       2.07111628e-01
        3.33600000e+00       3.55789894e-02       7.56401413e-01       2.08019598e-01
        3.34800000e+00       3.51545930e-02       7.55918417e-01       2.08926990e-01
        3.36000000e+00       3.47352590e-02       7.55430941e-01       2.09833800e-01
        3.37200000e+00       3.43209268e-02       7.54939051e-01       2.10740023e-01
        3.38400000e+00       3.39115370e-02       7.54442811e-01       2.11645652e-01
        3.39600000e+00       3.35070304e-02       7.53942286e-01       2.12550684e-01
        3.40800000e+00       3.31073489e-02       7.53437539e-01       2.13455112e-01
        3.42000000e+00       3.27124350e-02       7.52928633e-01       2.14358932e-01
        3.43200000e+00       3.23222316e-02       7.52415629e-01       2.15262139e-01
        3.44400000e+00       3.19366828e-02       7.51898589e-01       2.16164728e-01
        3.45600000e+00       3.15557329e-02       7.51377573e-01       2.17066694e-01
        3.46800000e+00       3.11793270e-02       7.50852640e-01       2.17968032e-01
        3.48000000e+00       3.08074111e-02       7.50323850e-01       2.18868739e-01
        3.49200000e+00       3.04399314e-02       7.49791260e-01       2.19768808e-01
        3.50400000e+00       3.00768352e-02       7.49254929e-01       2.20668236e-01
        3.51600000e+00       2.97180700e-02       7.48714911e-01       2.21567019e-01
        3.52800000e+00       2.93635844e-02       7.48171265e-01       2.22465151e-01
        3.54000000e+00       2.90133271e-02       7.47624045e-01       2.23362628e-01
        3.55200000e+00       2.86672478e-02       7.47073305e-01       2.24259447e-01
        3.56400000e+00       2.83252966e-02       7.46519101e-01       2.25155603e-01
        3.57600000e+00       2.79874244e-02       7.45961484e-01       2.26051091e-01
        3.58800000e+00       2.76535823e-02       7.45400509e-01       2.26945909e-01
        3.60000000e+00       2.73237225e-02       7.44836226e-01       2.27840051e-01
        3.61200000e+00       2.69977973e-02       7.44268688e-01       2.28733515e-01
        3.62400000e+00       2.66757598e-02       7.43697945e-01       2.29626295e-01
        3.63600000e+00       2.63575637e-02       7.43124048e-01       2.30518388e-01
        3.64800000e+00       2.60431631e-02       7.42547046e-01       2.31409791e-01
        3.66000000e+00       2.57325127e-02       7.41966987e-01       2.32300500e-01
        3.67200000e+00       2.54255679e-02       7.41383921e-01       2.33190511e-01
        3.68400000e+00       2.51222845e-02       7.40797895e-01       2.34079820e-01
        3.69600000e+00       2.48226186e-02       7.40208957e-01       2.34968425e-01
        3.70800000e+00       2.45265273e-02       7.39617152e-01       2.35856321e-01
        3.72000000e+00       2.42339679e-02       7.39022527e-01       2.36743505e-01
        3.73200000e+00       2.39448981e-02       7.38425128e-01       2.37629974e-01
        3.74400000e+00       2.36592765e-02       7.37825000e-01       2.38515724e-01
        3.75600000e+00       2.33770619e-02       7.37222186e-01       2.39400753e-01
        3.76800000e+00       2.30982136e-02       7.36616730e-01       2.40285056e-01
        3.78000000e+00       2.28226914e-02       7.36008677e-01       2.41168632e-01
        3.79200000e+00       2.25504558e-02       7.35398068e-01       2.42051476e-01
        3.80400000e+00       2.22814675e-02       7.34784946e-01       2.42933586e-01
        3.81600000e+00       2.20156878e-02       7.34169353e-01       2.43814959e-01
        3.82800000e+00       2.17530783e-02       7.33551330e-01       2.44695591e-01
        3.84000000e+00       2.14936014e-02       7.32930918e-01       2.45575481e-01
        3.85200000e+00       2.12372195e-02       7.32308156e-01       2.46454625e-01
        3.86400000e+00       2.09838959e-02       7.31683084e-01       2.47333020e-01
        3.87600000e+00       2.07335939e-02       7.31055743e-01       2.48210663e-01
        3.88800000e+00       2.04862777e-02       7.30426170e-01       2.49087553e-01
        3.90000000e+00       2.02419115e-02       7.29794403e-01       2.49963685e-01
        3.91200000e+00       2.00004601e-02       7.29160482e-01       2.50839058e-01
        3.92400000e+00       1.97618889e-02       7.28524442e-01       2.51713669e-01
        3.93600000e+00       1.95261634e-02       7.27886320e-01       2.52587516e-01
        3.94800000e+00       1.92932497e-02       7.27246154e-01       2.53460596e-01
        3.96000000e+00       1.90631143e-02       7.26603980e-01       2.54332906e-01
        3.97200000e+00       1.88357240e-02       7.25959831e-01       2.55204445e-01
        3.98400000e+00       1.86110461e-02       7.25313745e-01       2.56075209e-01
        3.99600000e+00       1.83890482e-02       7.24665755e-01       2.56945197e-01
        4.00800000e+00       1.81696983e-02       7.24015896e-01       2.57814406e-01
        4.02000000e+00       1.79529650e-02       7.23364201e-01       2.58682834e-01
        4.03200000e+00       1.77388168e-02       7.22710704e-01       2.59550479e-01
        4.04400000e+00       1.75272231e-02       7.22055438e-01       2.60417339e-01
        4.05600000e+00       1.73181534e-02       7.21398435e-01       2.61283412e-01
        4.06800000e+00       1.71115775e-02       7.20739728e-01       2.62148695e-01
        4.08000000e+00       1.69074657e-02       7.20079348e-01       2.63013186e-01
        4.09200000e+00       1.67057886e-02       7.19417327e-01       2.63876885e-01
        4.10400000e+00       1.65065171e-02       7.18753696e-01       2.64739787e-01
        4.11600000e+00       1.63096226e-02       7.18088485e-01       2.65601893e-01
        4.12800000e+00       1.61150768e-02       7.17421724e-01       2.66463199e-01
        4.14000000e+00       1.59228515e-02       7.16753444e-01       2.67323704e-01
        4.15200000e+00       1.57329192e-02       7.16083674e-01       2.68183407e-01
        4.16400000e+00       1.55452524e-02       7.15412443e-01       2.69042305e-01
        4.17600000e+00       1.53598242e-02       7.14739780e-01       2.69900396e-01
        4.18800000e+00       1.51766078e-02       7.14065713e-01       2.70757679e-01
        4.20000000e+00       1.49955768e-02       7.13390270e-01       2.71614153e-01
        4.21200000e+00       1.48167053e-02       7.12713479e-01       2.72469816e-01
        4.22400000e+00       1.46399674e-02       7.12035368e-01       2.73324665e-01
        4.23600000e+00       1.44653376e-02       7.11355962e-01       2.74178700e-01
        4.24800000e+00       1.42927909e-02       7.10675290e-01       2.75031919e-01
        4.26000000e+00       1.41223024e-02       7.09993377e-01       2.75884320e-01
        4.27200000e+00       1.39538475e-02       7.09310250e-01       2.76735902e-01
        4.28400000e+00       1.37874020e-02       7.08625934e-01       2.77586664e-01
        4.29600000e+00       1.36229420e-02       7.07940454e-01       2.78436604e-01
        4.30800000e+00       1.34604436e-02       7.07253836e-01       2.79285721e-01
        4.32000000e+00       1.32998836e-02       7.06566103e-01       2.80134013e-01
        4.33200000e+00       1.31412387e-02       7.05877282e-01       2.80981479e-01
        4.34400000e+00       1.29844863e-02       7.05187396e-01       2.81828118e-01
        4.35600000e+00       1.28296036e-02       7.04496468e-01       2.82673928e-01
        4.36800000e+00       1.26765684e-02       7.03804522e-01       2.83518909e-01
        4.38000000e+00       1.25253586e-02       7.03111582e-01       2.84363059e-01
        4.39200000e+00       1.23759526e-02       7.02417671e-01       2.85206377e-01
        4.40400000e+00       1.22283286e-02       7.01722810e-01       2.86048861e-01
        4.41600000e+00       1.20824656e-02       7.01027023e-01       2.86890511e-01
        4.42800000e+00       1.19383425e-02       7.00330332e-01       2.87731325e-01
        4.44000000e+00       1.17959385e-02       6.99632758e-01       2.88571303e-01
        4.45200000e+00       1.16552332e-02       6.98934323e-01       2.89410444e-01
        4.46400000e+00       1.15162062e-02       6.98235048e-01       2.90248745e-01
        4.47600000e+00       1.13788376e-02       6.97534955e-01       2.91086207e-01
        4.48800000e+00       1.12431076e-02       6.96834063e-01       2.91922829e-01
        4.50000000e+00       1.11089965e-02       6.96132395e-01       2.92758609e-01
        4.51200000e+00       1.09764852e-02       6.95429968e-01       2.93593546e-01
        4.52400000e+00       1.08455546e-02       6.94726805e-01       2.94427641e-01
        4.53600000e+00       1.07161857e-02       6.94022924e-01       2.95260890e-01
        4.54800000e+00       1.05883599e-02       6.93318345e-01       2.96093295e-01
        4.56000000e+00       1.04620590e-02       6.92613087e-01       2.96924854e-01
        4.57200000e+00       1.03372645e-02       6.91907169e-01       2.97755566e-01
        4.58400000e+00       1.02139586e-02       6.91200610e-01       2.98585431e-01
        4.59600000e+00       1.00921236e-02       6.90493429e-01       2.99414448e-01
        4.60800000e+00       9.97174187e-03       6.89785643e-01       3.00242615e-01
        4.62000000e+00       9.85279607e-03       6.89077271e-01       3.01069933e-01
        4.63200000e+00       9.73526909e-03       6.88368331e-01       3.01896400e-01
        4.64400000e+00       9.61914400e-03       6.87658839e-01       3.02722017e-01
        4.65600000e+00       9.50440409e-03       6.86948815e-01       3.03546781e-01
        4.66800000e+00       9.39103283e-03       6.86238273e-01       3.04370694e-01
        4.68000000e+00       9.27901389e-03       6.85527233e-01       3.05193753e-01
        4.69200000e+00       9.16833115e-03       6.84815710e-01       3.06015959e-01
        4.70400000e+00       9.05896867e-03       6.84103721e-01       3.06837311e-01
        4.71600000e+00       8.95091069e-03       6.83391282e-01       3.07657808e-01
        4.72800000e+00       8.84414165e-03       6.82678409e-01       3.08477449e-01
        4.74000000e+00       8.73864619e-03       6.81965118e-01       3.09296236e-01
        4.75200000e+00       8.63440911e-03       6.81251425e-01       3.10114166e-01
        4.76400000e+00       8.53141540e-03       6.80537346e-01       3.10931239e-01
        4.77600000e+00       8.42965023e-03       6.79822895e-01       3.11747455e-01
        4.78800000e+00       8.32909894e-03       6.79108087e-01       3.12562814e-01
        4.80000000e+00       8.22974706e-03       6.78392939e-01       3.13377314e-01
        4.81200000e+00       8.13158027e-03       6.77677463e-01       3.14190957e-01
        4.82400000e+00       8.03458445e-03       6.76961675e-01       3.15003740e-01
        4.83600000e+00       7.93874562e-03       6.76245590e-01       3.15815665e-01
        4.84800000e+00       7.84404998e-03       6.75529221e-01       3.16626729e-01
        4.86000000e+00       7.75048390e-03       6.74812582e-01       3.17436935e-01
        4.87200000e+00       7.65803390e-03       6.74095687e-01       3.18246280e-01
        4.88400000e+00       7.56668667e-03       6.73378549e-01       3.19054764e-01
        4.89600000e+00       7.47642906e-03       6.72661183e-01       3.19862388e-01
        4.90800000e+00       7.38724807e-03       6.71943601e-01       3.20669151e-01
        4.92000000e+00       7.29913085e-03       6.71225817e-01       3.21475053e-01
        4.93200000e+00       7.21206472e-03       6.70507843e-01       3.22280093e-01
        4.94400000e+00       7.12603715e-03       6.69789692e-01       3.23084271e-01
        4.95600000e+00       7.04103573e-03       6.69071376e-01       3.23887588e-01
        4.96800000e+00       6.95704823e-03       6.68352909e-01       3.24690042e-01
        4.98000000e+00       6.87406256e-03       6.67634303e-01       3.25491635e-01
        4.99200000e+00       6.79206677e-03       6.66915568e-01       3.26292365e-01
        5.00400000e+00       6.71104905e-03       6.66196719e-01       3.27092232e-01
        5.01600000e+00       6.63099773e-03       6.65477765e-01       3.27891237e-01
        5.02800000e+00       6.55190128e-03       6.64758720e-01       3.28689379e-01
        5.04000000e+00       6.47374832e-03       6.64039594e-01       3.29486658e-01
        5.05200000e+00       6.39652760e-03       6.63320399e-01       3.30283074e-01
        5.06400000e+00       6.32022798e-03       6.62601145e-01       3.31078627e-01
        5.07600000e+00       6.24483848e-03       6.61881845e-01       3.31873316e-01
        5.08800000e+00       6.17034826e-03       6.61162509e-01       3.32667143e-01
        5.10000000e+00       6.09674657e-03       6.60443147e-01       3.33460106e-01
        5.11200000e+00       6.02402283e-03       6.59723771e-01       3.34252207e-01
        5.12400000e+00       5.95216655e-03       6.59004390e-01       3.35043444e-01
        5.13600000e+00       5.88116740e-03       6.58285015e-01       3.35833817e-01
        5.14800000e+00       5.81101515e-03       6.57565657e-01       3.36623328e-01
        5.16000000e+00       5.74169969e-03       6.56846326e-01       3.37411975e-01
        5.17200000e+00       5.67321105e-03       6.56127030e-01       3.38199759e-01
        5.18400000e+00       5.60553936e-03       6.55407781e-01       3.38986680e-01
        5.19600000e+00       5.53867487e-03       6.54688588e-01       3.39772737e-01
        5.20800000e+00       5.47260797e-03       6.53969460e-01       3.40557932e-01
        5.22000000e+00       5.40732913e-03       6.53250407e-01       3.41342264e-01
        5.23200000e+00       5.34282896e-03       6.52531438e-01       3.42125733e-01
        5.24400000e+00       5.27909816e-03       6.51812562e-01       3.42908340e-01
        5.25600000e+00       5.21612756e-03       6.51093789e-01       3.43690083e-01
        5.26800000e+00       5.15390809e-03       6.50375127e-01       3.44470965e-01
        5.28000000e+00       5.09243080e-03       6.49656585e-01       3.45250984e-01
        5.29200000e+00       5.03168682e-03       6.48938172e-01       3.46030141e-01
        5.30400000e+00       4.97166742e-03       6.48219897e-01       3.46808436e-01
        5.31600000e+00       4.91236394e-03       6.47501768e-01       3.47585869e-01
        5.32800000e+00       4.85376785e-03       6.46783792e-01       3.48362440e-01
        5.34000000e+00       4.79587071e-03       6.46065980e-01       3.49138150e-01
        5.35200000e+00       4.73866419e-03       6.45348338e-01       3.49912998e-01
        5.36400000e+00       4.68214004e-03       6.44630874e-01       3.50686986e-01
        5.37600000e+00       4.62629013e-03       6.43913597e-01       3.51460112e-01
        5.38800000e+00       4.57110642e-03       6.43196515e-01       3.52232378e-01
        5.40000000e+00       4.51658095e-03       6.42479635e-01       3.53003784e-01
        5.41200000e+00       4.46270587e-03       6.41762964e-01       3.53774330e-01
        5.42400000e+00       4.40947344e-03       6.41046511e-01       3.54544015e-01
        5.43600000e+00       4.35687597e-03       6.40330283e-01       3.55312841e-01
        5.44800000e+00       4.30490590e-03       6.39614286e-01       3.56080808e-01
        5.46000000e+00       4.25355575e-03       6.38898528e-01       3.56847916e-01
        5.47200000e+00       4.20281811e-03       6.38183017e-01       3.57614165e-01
        5.48400000e+00       4.15268569e-03       6.37467759e-01       3.58379555e-01
        5.49600000e+00       4.10315127e-03       6.36752761e-01       3.59144087e-01
        5.50800000e+00       4.05420770e-03       6.36038030e-01       3.59907762e-01
        5.52000000e+00       4.00584795e-03       6.35323573e-01       3.60670579e-01
        5.53200000e+00       3.95806504e-03       6.34609396e-01       3.61432539e-01
        5.54400000e+00       3.91085211e-03       6.33895506e-01       3.62193641e-01
